shape_id,shape_pt_lat,shape_pt_lon,shape_pt_sequence,shape_dist_traveled
mpt_c,48.366253,-124.607675,1,0
mpt_c,48.366273,-124.607698,2,0.003
mpt_c,48.366433,-124.607952,3,0.029
mpt_c,48.36631,-124.608578,4,0.077
mpt_c,48.36601,-124.61055,5,0.226
mpt_c,48.36587,-124.61197,6,0.332
mpt_c,48.36587,-124.61401,7,0.483
mpt_c,48.366031,-124.616659,8,0.68
mpt_c,48.366423,-124.619472,9,0.892
mpt_c,48.366512,-124.620089,10,0.939
mpt_c,48.366922,-124.621217,11,1.034
mpt_c,48.367508,-124.622663,12,1.159
mpt_c,48.36812,-124.62393,13,1.274
mpt_c,48.36868,-124.62523,14,1.389
mpt_c,48.36871,-124.62582,15,1.433
mpt_c,48.367573,-124.626812,16,1.579
mpt_c,48.367855,-124.62765,17,1.648
mpt_c,48.36791,-124.62783,18,1.663
mpt_c,48.36797,-124.62815,19,1.687
mpt_c,48.36515,-124.63133,20,2.079
mpt_c,48.36451,-124.63236,21,2.183
mpt_c,48.36359,-124.63366,22,2.324
mpt_c,48.36279,-124.6346,23,2.436
mpt_c,48.36196,-124.63519,24,2.539
mpt_c,48.36099,-124.6354,25,2.647
mpt_c,48.36041,-124.63522,26,2.713
mpt_c,48.35963,-124.63487,27,2.804
mpt_c,48.35902,-124.63495,28,2.872
mpt_c,48.35763,-124.63585,29,3.04
mpt_c,48.35741,-124.63594,30,3.066
mpt_c,48.35673,-124.63597,31,3.141
mpt_c,48.3564,-124.63607,32,3.179
mpt_c,48.356,-124.63634,33,3.227
mpt_c,48.35487,-124.63758,34,3.383
mpt_c,48.3544,-124.63839,35,3.462
mpt_c,48.35405,-124.63916,36,3.531
mpt_c,48.35363,-124.63973,37,3.594
mpt_c,48.35274,-124.64056,38,3.711
mpt_c,48.35231,-124.64109,39,3.772
mpt_c,48.35208,-124.64167,40,3.822
mpt_c,48.35182,-124.64256,41,3.894
mpt_c,48.35217,-124.64639,42,4.18
mpt_c,48.35183,-124.65003,43,4.451
mpt_c,48.35146,-124.65198,44,4.601
mpt_c,48.34975,-124.65918,45,5.166
mpt_c,48.34964,-124.65925,46,5.18
mpt_c,48.348192,-124.662819,47,5.489
mpt_c,48.347675,-124.664081,48,5.598
mpt_c,48.34751,-124.66432,49,5.624
mpt_c,48.34712,-124.66518,50,5.701
mpt_c,48.34706,-124.66563,51,5.734
mpt_c,48.347506,-124.666841,52,5.837
mpt_a,48.34749,-124.66698,1,0
mpt_a,48.34783,-124.66785,2,0.075
mpt_a,48.34684,-124.66883,3,0.206
mpt_a,48.34665,-124.66903,4,0.232
mpt_a,48.34615,-124.66925,5,0.29
mpt_a,48.34644,-124.670491,6,0.387
mpt_a,48.34643,-124.67099,7,0.424
mpt_a,48.34609,-124.67261,8,0.55
mpt_a,48.34593,-124.67268,9,0.568
mpt_a,48.34593,-124.67269,10,0.569
mpt_a,48.34609,-124.6726,11,0.588
mpt_a,48.34609,-124.67261,12,0.589
mpt_a,48.34643,-124.67099,13,0.714
mpt_a,48.34644,-124.670483,14,0.752
mpt_a,48.34592,-124.66828,15,0.925
mpt_a,48.34597,-124.66794,16,0.95
mpt_a,48.34621,-124.66723,17,1.009
mpt_a,48.34752,-124.6642,18,1.276
mpt_a,48.3482,-124.66285,19,1.401
mpt_a,48.34942,-124.6599,20,1.658
mpt_a,48.34973,-124.659,21,1.733
mpt_a,48.35148,-124.65206,22,2.282
mpt_a,48.35167,-124.65104,23,2.36
mpt_a,48.35208,-124.64653,24,2.696
mpt_a,48.35178,-124.6432,25,2.945
mpt_a,48.35182,-124.64256,26,2.992
mpt_a,48.35208,-124.64167,27,3.064
mpt_a,48.35231,-124.64109,28,3.114
mpt_a,48.35274,-124.64056,29,3.176
mpt_a,48.35363,-124.63973,30,3.292
mpt_a,48.35405,-124.63916,31,3.355
mpt_a,48.3544,-124.63839,32,3.424
mpt_a,48.35487,-124.63758,33,3.503
mpt_a,48.356,-124.63634,34,3.659
mpt_a,48.3564,-124.63607,35,3.708
mpt_a,48.35673,-124.63597,36,3.745
mpt_a,48.35741,-124.63594,37,3.821
mpt_a,48.35763,-124.63585,38,3.846
mpt_a,48.35902,-124.63495,39,4.014
mpt_a,48.35963,-124.63487,40,4.082
mpt_a,48.36041,-124.63521,41,4.173
mpt_a,48.36099,-124.6354,42,4.239
mpt_a,48.36196,-124.63519,43,4.348
mpt_a,48.36279,-124.6346,44,4.45
mpt_a,48.36359,-124.63366,45,4.563
mpt_a,48.36451,-124.63236,46,4.703
mpt_a,48.36515,-124.63133,47,4.807
mpt_a,48.36797,-124.62815,48,5.199
mpt_a,48.36872,-124.62852,49,5.287
mpt_a,48.369,-124.62913,50,5.341
mpt_a,48.36908,-124.62939,51,5.363
mpt_a,48.36924,-124.6302,52,5.425
mpt_a,48.36919,-124.63073,53,5.465
mpt_a,48.36919,-124.63074,54,5.465
mpt_a,48.36886,-124.63077,55,5.502
mpt_a,48.36874,-124.63059,56,5.521
mpt_a,48.36857,-124.62989,57,5.576
mpt_a,48.36833,-124.62952,58,5.614
mpt_a,48.36802,-124.62952,59,5.649
mpt_a,48.36776,-124.63004,60,5.697
mpt_a,48.3676,-124.6307,61,5.749
mpt_a,48.36722,-124.63105,62,5.798
mpt_a,48.36722,-124.63105,63,5.798
mpt_a,48.3676,-124.6307,64,5.848
mpt_a,48.36776,-124.63004,65,5.9
mpt_a,48.36802,-124.62953,66,5.947
mpt_a,48.36833,-124.62952,67,5.982
mpt_a,48.36857,-124.62989,68,6.02
mpt_a,48.36874,-124.6306,69,6.076
mpt_a,48.36886,-124.63077,70,6.094
mpt_a,48.36919,-124.63074,71,6.131
mpt_a,48.36924,-124.6302,72,6.171
mpt_a,48.36908,-124.62939,73,6.233
mpt_a,48.369,-124.62913,74,6.254
mpt_a,48.36872,-124.62852,75,6.309
mpt_a,48.36797,-124.62815,76,6.397
mpt_a,48.36791,-124.62783,77,6.422
mpt_a,48.367562,-124.626881,78,6.502
mpt_a,48.365531,-124.622176,79,6.916
mpt_a,48.3655,-124.62291,80,6.97
mpt_a,48.36524,-124.62291,81,6.999
mpt_a,48.36479,-124.62294,82,7.049
mpt_a,48.36473,-124.62582,83,7.262
mpt_a,48.36433,-124.62579,84,7.307
mpt_a,48.36406,-124.62578,85,7.337
mpt_a,48.36407,-124.623,86,7.542
mpt_a,48.36407,-124.623,87,7.542
mpt_a,48.36407,-124.62294,88,7.547
mpt_a,48.36516,-124.62292,89,7.668
mpt_a,48.3655,-124.62291,90,7.706
mpt_a,48.36558,-124.61781,91,8.083
mpt_a,48.36558,-124.61781,92,8.083
mpt_a,48.36558,-124.61757,93,8.1
mpt_a,48.366091,-124.617553,94,8.157
mpt_a,48.366046,-124.616928,95,8.204
mpt_a,48.36588,-124.61444,96,8.388
mpt_a,48.36587,-124.61197,97,8.571
mpt_a,48.36601,-124.61055,98,8.677
mpt_a,48.36631,-124.60858,99,8.826
mpt_a,48.366394,-124.60812,100,8.861
mpt_a,48.366229,-124.607988,101,8.882
mpt_a,48.366261,-124.60768,102,8.905
mpt_a,48.366314,-124.607556,103,8.916
mpt_a,48.366497,-124.607564,104,8.936
mpt_a,48.36672,-124.60652,105,9.017
mpt_a,48.367377,-124.604654,106,9.173
mpt_a,48.368059,-124.602878,107,9.325
mpt_a,48.36846,-124.60191,108,9.409
mpt_a,48.368875,-124.600527,109,9.521
mpt_a,48.368919,-124.599411,110,9.604
mpt_a,48.36895,-124.59873,111,9.654
mpt_a,48.369,-124.59506,112,9.926
mpt_a,48.36898,-124.59458,113,9.961
mpt_a,48.36902,-124.59323,114,10.061
mpt_a,48.3691,-124.59212,115,10.143
mpt_a,48.36862,-124.59218,116,10.197
mpt_a,48.36846,-124.59227,117,10.216
mpt_a,48.36786,-124.59313,118,10.308
mpt_a,48.36766,-124.59331,119,10.334
mpt_a,48.36737,-124.59341,120,10.367
mpt_a,48.36687,-124.59339,121,10.423
mpt_a,48.36652,-124.59318,122,10.465
mpt_a,48.36637,-124.59297,123,10.487
mpt_a,48.36546,-124.59111,124,10.658
mpt_a,48.36522,-124.59076,125,10.695
mpt_a,48.36505,-124.59064,126,10.716
mpt_a,48.36481,-124.59059,127,10.743
mpt_a,48.36427,-124.59057,128,10.803
mpt_a,48.36404,-124.59045,129,10.83
mpt_a,48.36385,-124.59018,130,10.859
mpt_a,48.36347,-124.58911,131,10.949
mpt_a,48.36316,-124.58857,132,11.002
mpt_a,48.36251,-124.58785,133,11.091
mpt_a,48.36209,-124.58753,134,11.144
mpt_a,48.36178,-124.58733,135,11.181
mpt_a,48.359,-124.58668,136,11.494
mpt_a,48.35756,-124.58625,137,11.657
mpt_a,48.35755,-124.58665,138,11.687
mpt_a,48.3576,-124.58713,139,11.723
mpt_a,48.35778,-124.58745,140,11.754
mpt_a,48.35796,-124.58771,141,11.781
mpt_a,48.35817,-124.58789,142,11.808
mpt_a,48.35835,-124.5882,143,11.839
mpt_a,48.35859,-124.58893,144,11.899
mpt_a,48.35864,-124.58937,145,11.932
mpt_a,48.35863,-124.58986,146,11.968
mpt_a,48.35819,-124.59098,147,12.064
mpt_a,48.35796,-124.59126,148,12.097
mpt_a,48.35716,-124.59134,149,12.186
mpt_a,48.35699,-124.59162,150,12.214
mpt_a,48.35699,-124.59162,151,12.214
mpt_a,48.35716,-124.59134,152,12.242
mpt_a,48.35796,-124.59126,153,12.331
mpt_a,48.35819,-124.59098,154,12.364
mpt_a,48.35863,-124.58986,155,12.46
mpt_a,48.35864,-124.58937,156,12.497
mpt_a,48.35859,-124.58893,157,12.53
mpt_a,48.35835,-124.5882,158,12.59
mpt_a,48.35817,-124.58789,159,12.62
mpt_a,48.35796,-124.58771,160,12.647
mpt_a,48.35778,-124.58745,161,12.675
mpt_a,48.357605,-124.587136,162,12.705
mpt_a,48.357559,-124.58721,163,12.713
mpt_a,48.357451,-124.587382,164,12.73
mpt_a,48.357388,-124.587697,165,12.754
mpt_a,48.357591,-124.589346,166,12.878
mpt_a,48.357723,-124.589382,167,12.893
mpt_a,48.357793,-124.589516,168,12.906
mpt_a,48.357801,-124.589714,169,12.921
mpt_a,48.357668,-124.589816,170,12.937
mpt_a,48.357583,-124.589774,171,12.947
mpt_a,48.357506,-124.589645,172,12.96
mpt_a,48.357544,-124.589392,173,12.979
mpt_a,48.357591,-124.58934,174,12.986
mpt_a,48.35739,-124.587707,175,13.108
mpt_a,48.357444,-124.587383,176,13.133
mpt_a,48.357609,-124.587137,177,13.159
mpt_a,48.35755,-124.58665,178,13.195
mpt_a,48.35756,-124.58625,179,13.225
mpt_a,48.359,-124.58668,180,13.388
mpt_a,48.36178,-124.58733,181,13.701
mpt_a,48.36209,-124.58753,182,13.738
mpt_a,48.36251,-124.58785,183,13.791
mpt_a,48.36316,-124.58857,184,13.881
mpt_a,48.36347,-124.58911,185,13.933
mpt_a,48.36385,-124.59018,186,14.023
mpt_a,48.36404,-124.59045,187,14.052
mpt_a,48.36427,-124.59056,188,14.079
mpt_a,48.36481,-124.59058,189,14.139
mpt_a,48.36505,-124.59064,190,14.166
mpt_a,48.36522,-124.59076,191,14.187
mpt_a,48.36546,-124.59111,192,14.224
mpt_a,48.36637,-124.59297,193,14.395
mpt_a,48.36652,-124.59318,194,14.417
mpt_a,48.36687,-124.59339,195,14.459
mpt_a,48.36737,-124.59341,196,14.515
mpt_a,48.36766,-124.59331,197,14.548
mpt_a,48.36786,-124.59313,198,14.574
mpt_a,48.36846,-124.59228,199,14.665
mpt_a,48.36862,-124.59218,200,14.685
mpt_a,48.3691,-124.59212,201,14.738
mpt_a,48.36986,-124.59221,202,14.823
mpt_a,48.37046,-124.5925,203,14.893
mpt_a,48.37066,-124.59247,204,14.916
mpt_a,48.3712,-124.59285,205,14.982
mpt_a,48.37107,-124.59345,206,15.028
mpt_a,48.37095,-124.59435,207,15.096
mpt_a,48.37095,-124.59435,208,15.096
mpt_a,48.37094,-124.59442,209,15.101
mpt_a,48.37094,-124.59443,210,15.102
mpt_a,48.36898,-124.59458,211,15.32
mpt_a,48.369,-124.59506,212,15.356
mpt_a,48.36895,-124.59873,213,15.627
mpt_a,48.368867,-124.600511,214,15.759
mpt_a,48.36846,-124.60191,215,15.872
mpt_a,48.368025,-124.602969,216,15.964
mpt_a,48.367379,-124.604652,217,16.107
mpt_a,48.36672,-124.60652,218,16.264
mpt_a,48.366611,-124.607065,219,16.306
mpt_a,48.366497,-124.607564,220,16.345
mpt_a,48.366322,-124.607548,221,16.364
mpt_a,48.366273,-124.607646,222,16.373
mpt_a,48.366232,-124.607992,223,16.399
mpt_a,48.366394,-124.608116,224,16.419
mpt_a,48.36631,-124.608578,225,16.455
mpt_a,48.36601,-124.61055,226,16.604
mpt_a,48.36587,-124.61197,227,16.71
mpt_a,48.36587,-124.61401,228,16.861
mpt_a,48.366028,-124.616683,229,17.059
mpt_a,48.366086,-124.617549,230,17.124
mpt_a,48.36558,-124.61757,231,17.18
mpt_a,48.36553,-124.62197,232,17.505
mpt_a,48.3655,-124.62291,233,17.574
mpt_a,48.36407,-124.62294,234,17.733
mpt_a,48.36407,-124.623,235,17.738
mpt_a,48.36407,-124.623,236,17.738
mpt_a,48.36406,-124.62485,237,17.875
mpt_a,48.36406,-124.62578,238,17.943
mpt_a,48.36473,-124.62582,239,18.018
mpt_a,48.36473,-124.62538,240,18.05
mpt_a,48.36479,-124.62294,241,18.231
mpt_a,48.365501,-124.622918,242,18.31
mpt_a,48.36553,-124.62218,243,18.364
mpt_a,48.36564,-124.62242,244,18.386
mpt_a,48.3662,-124.62184,245,18.462
mpt_a,48.36689,-124.62121,246,18.551
mpt_a,48.36812,-124.62393,247,18.794
mpt_a,48.36812,-124.62393,248,18.794
mpt_a,48.36868,-124.62523,249,18.909
mpt_a,48.36871,-124.62582,250,18.953
mpt_a,48.36756,-124.626863,251,19.102
mpt_a,48.367855,-124.62765,252,19.169
mpt_a,48.36791,-124.62783,253,19.183
mpt_a,48.36797,-124.62815,254,19.208
mpt_a,48.36872,-124.62852,255,19.296
mpt_a,48.369,-124.62913,256,19.35
mpt_a,48.36908,-124.6294,257,19.372
mpt_a,48.36924,-124.6302,258,19.434
mpt_a,48.36919,-124.63074,259,19.474
mpt_a,48.36886,-124.63078,260,19.511
mpt_a,48.36874,-124.6306,261,19.53
mpt_a,48.36857,-124.62989,262,19.586
mpt_a,48.36833,-124.62952,263,19.624
mpt_a,48.36802,-124.62953,264,19.658
mpt_a,48.36776,-124.63004,265,19.706
mpt_a,48.3676,-124.6307,266,19.758
mpt_a,48.36722,-124.63105,267,19.807
mpt_a,48.36722,-124.63105,268,19.807
mpt_a,48.3676,-124.6307,269,19.857
mpt_a,48.36776,-124.63004,270,19.909
mpt_a,48.36802,-124.62953,271,19.956
mpt_a,48.36833,-124.62952,272,19.991
mpt_a,48.36857,-124.62989,273,20.029
mpt_a,48.36874,-124.6306,274,20.084
mpt_a,48.36886,-124.63078,275,20.103
mpt_a,48.36919,-124.63074,276,20.14
mpt_a,48.36924,-124.6302,277,20.18
mpt_a,48.36908,-124.6294,278,20.242
mpt_a,48.369,-124.62913,279,20.264
mpt_a,48.36872,-124.62852,280,20.319
mpt_a,48.36797,-124.62815,281,20.407
mpt_a,48.36515,-124.63133,282,20.798
mpt_a,48.36451,-124.63236,283,20.902
mpt_a,48.36359,-124.63366,284,21.043
mpt_a,48.36279,-124.6346,285,21.156
mpt_a,48.36196,-124.63519,286,21.258
mpt_a,48.36099,-124.6354,287,21.367
mpt_a,48.36041,-124.63522,288,21.433
mpt_a,48.35963,-124.63487,289,21.523
mpt_a,48.35902,-124.63495,290,21.591
mpt_a,48.35763,-124.63585,291,21.759
mpt_a,48.35741,-124.63594,292,21.785
mpt_a,48.35673,-124.63597,293,21.86
mpt_a,48.3564,-124.63607,294,21.898
mpt_a,48.356,-124.63634,295,21.947
mpt_a,48.35487,-124.63758,296,22.102
mpt_a,48.3544,-124.63839,297,22.182
mpt_a,48.35405,-124.63916,298,22.25
mpt_a,48.35363,-124.63973,299,22.313
mpt_a,48.35274,-124.64056,300,22.43
mpt_a,48.35231,-124.64109,301,22.492
mpt_a,48.35208,-124.64167,302,22.542
mpt_a,48.35182,-124.64256,303,22.613
mpt_a,48.35178,-124.6432,304,22.661
mpt_a,48.35208,-124.64653,305,22.909
mpt_a,48.35167,-124.65104,306,23.246
mpt_a,48.35148,-124.65206,307,23.324
mpt_a,48.34973,-124.659,308,23.872
mpt_a,48.34942,-124.6599,309,23.947
mpt_a,48.3482,-124.66285,310,24.204
mpt_a,48.34752,-124.6642,311,24.329
mpt_a,48.34692,-124.66556,312,24.45
mpt_a,48.346198,-124.667212,313,24.596
mpt_a,48.34596,-124.66794,314,24.656
mpt_a,48.34592,-124.66826,315,24.68
mpt_a,48.346444,-124.670485,316,24.854
mpt_a,48.346424,-124.670987,317,24.892
mpt_a,48.346079,-124.672628,318,25.019
mpt_a,48.345928,-124.672685,319,25.036
mpt_a,48.3457,-124.672956,320,25.068
mpt_a,48.345627,-124.673324,321,25.097
mpt_a,48.34539,-124.673287,322,25.123
mpt_a,48.345331,-124.673325,323,25.13
mpt_a,48.345306,-124.673422,324,25.138
mpt_a,48.345365,-124.673524,325,25.148
mpt_a,48.345574,-124.673624,326,25.172
mpt_a,48.345697,-124.672952,327,25.224
mpt_a,48.345889,-124.672732,328,25.251
mpt_a,48.346079,-124.672632,329,25.273
mpt_a,48.346429,-124.670996,330,25.4
mpt_a,48.34644,-124.670483,331,25.438
mpt_a,48.346151,-124.669237,332,25.536
mpt_a,48.346649,-124.669028,333,25.593
mpt_a,48.347826,-124.667853,334,25.75
mpt_a,48.34753,-124.667069,335,25.817
mpt_700,48.34749,-124.66698,1,0
mpt_700,48.34783,-124.66785,2,0.075
mpt_700,48.34684,-124.66883,3,0.206
mpt_700,48.34665,-124.66903,4,0.232
mpt_700,48.34615,-124.66925,5,0.29
mpt_700,48.34643,-124.6705,6,0.388
mpt_700,48.34643,-124.67099,7,0.424
mpt_700,48.34609,-124.67261,8,0.549
mpt_700,48.34593,-124.67268,9,0.568
mpt_700,48.34593,-124.67269,10,0.569
mpt_700,48.34609,-124.6726,11,0.588
mpt_700,48.34609,-124.67261,12,0.588
mpt_700,48.34643,-124.67099,13,0.714
mpt_700,48.34643,-124.6705,14,0.75
mpt_700,48.34592,-124.66828,15,0.924
mpt_700,48.34597,-124.66794,16,0.949
mpt_700,48.34621,-124.66723,17,1.008
mpt_700,48.34752,-124.6642,18,1.275
mpt_700,48.3482,-124.66285,19,1.401
mpt_700,48.34942,-124.6599,20,1.657
mpt_700,48.34973,-124.659,21,1.732
mpt_700,48.35148,-124.65206,22,2.281
mpt_700,48.35167,-124.65104,23,2.359
mpt_700,48.35208,-124.64653,24,2.695
mpt_700,48.35178,-124.6432,25,2.944
mpt_700,48.35182,-124.64256,26,2.991
mpt_700,48.35208,-124.64167,27,3.063
mpt_700,48.35231,-124.64109,28,3.113
mpt_700,48.35274,-124.64056,29,3.175
mpt_700,48.35363,-124.63973,30,3.291
mpt_700,48.35405,-124.63916,31,3.354
mpt_700,48.3544,-124.63839,32,3.423
mpt_700,48.35487,-124.63758,33,3.503
mpt_700,48.356,-124.63634,34,3.658
mpt_700,48.3564,-124.63607,35,3.707
mpt_700,48.35673,-124.63597,36,3.744
mpt_700,48.35741,-124.63594,37,3.82
mpt_700,48.35763,-124.63585,38,3.845
mpt_700,48.35902,-124.63495,39,4.013
mpt_700,48.35963,-124.63487,40,4.082
mpt_700,48.36041,-124.63521,41,4.172
mpt_700,48.36099,-124.6354,42,4.238
mpt_700,48.36196,-124.63519,43,4.347
mpt_700,48.36279,-124.6346,44,4.449
mpt_700,48.36359,-124.63366,45,4.562
mpt_700,48.36451,-124.63236,46,4.702
mpt_700,48.36515,-124.63133,47,4.806
mpt_700,48.36797,-124.62815,48,5.198
mpt_700,48.36872,-124.62852,49,5.286
mpt_700,48.369,-124.62913,50,5.341
mpt_700,48.36908,-124.62939,51,5.362
mpt_700,48.36924,-124.6302,52,5.424
mpt_700,48.36919,-124.63073,53,5.464
mpt_700,48.36919,-124.63074,54,5.464
mpt_700,48.36886,-124.63077,55,5.501
mpt_700,48.36874,-124.63059,56,5.52
mpt_700,48.36857,-124.62989,57,5.575
mpt_700,48.36833,-124.62952,58,5.613
mpt_700,48.36802,-124.62952,59,5.648
mpt_700,48.36776,-124.63004,60,5.696
mpt_700,48.3676,-124.6307,61,5.748
mpt_700,48.36722,-124.63105,62,5.797
mpt_700,48.36722,-124.63105,63,5.797
mpt_700,48.3676,-124.6307,64,5.847
mpt_700,48.36776,-124.63004,65,5.899
mpt_700,48.36802,-124.62953,66,5.946
mpt_700,48.36833,-124.62952,67,5.981
mpt_700,48.36857,-124.62989,68,6.019
mpt_700,48.36874,-124.6306,69,6.075
mpt_700,48.36886,-124.63077,70,6.093
mpt_700,48.36919,-124.63074,71,6.13
mpt_700,48.36924,-124.6302,72,6.17
mpt_700,48.36908,-124.62939,73,6.232
mpt_700,48.369,-124.62913,74,6.254
mpt_700,48.36872,-124.62852,75,6.308
mpt_700,48.36797,-124.62815,76,6.396
mpt_700,48.36791,-124.62783,77,6.421
mpt_700,48.367548,-124.626864,78,6.503
mpt_700,48.365518,-124.62215,79,6.918
mpt_700,48.3655,-124.62291,80,6.974
mpt_700,48.36524,-124.62291,81,7.003
mpt_700,48.36479,-124.62294,82,7.053
mpt_700,48.36473,-124.62582,83,7.266
mpt_700,48.36433,-124.62579,84,7.31
mpt_700,48.36406,-124.62578,85,7.34
mpt_700,48.36407,-124.623,86,7.546
mpt_700,48.36407,-124.623,87,7.546
mpt_700,48.36407,-124.62294,88,7.55
mpt_700,48.36516,-124.62292,89,7.671
mpt_700,48.3655,-124.62291,90,7.709
mpt_700,48.36558,-124.61781,91,8.086
mpt_700,48.36558,-124.61781,92,8.086
mpt_700,48.36558,-124.61757,93,8.104
mpt_700,48.366091,-124.617553,94,8.16
mpt_700,48.366046,-124.616928,95,8.207
mpt_700,48.36588,-124.61444,96,8.392
mpt_700,48.36587,-124.61197,97,8.574
mpt_700,48.36601,-124.61055,98,8.68
mpt_700,48.36631,-124.60858,99,8.829
mpt_700,48.366392,-124.608153,100,8.862
mpt_700,48.366211,-124.608055,101,8.884
mpt_700,48.366265,-124.607679,102,8.912
mpt_700,48.366296,-124.6075,103,8.926
mpt_700,48.366511,-124.607587,104,8.951
mpt_700,48.36672,-124.60652,105,9.033
mpt_700,48.367377,-124.604654,106,9.189
mpt_700,48.368059,-124.602878,107,9.34
mpt_700,48.36846,-124.60191,108,9.425
mpt_700,48.368875,-124.600527,109,9.537
mpt_700,48.368919,-124.599411,110,9.619
mpt_700,48.36895,-124.59873,111,9.67
mpt_700,48.369,-124.59506,112,9.941
mpt_700,48.36898,-124.59458,113,9.976
mpt_700,48.36902,-124.59323,114,10.076
mpt_700,48.3691,-124.59212,115,10.159
mpt_700,48.36862,-124.59218,116,10.212
mpt_700,48.36846,-124.59227,117,10.231
mpt_700,48.36786,-124.59313,118,10.323
mpt_700,48.36766,-124.59331,119,10.349
mpt_700,48.36737,-124.59341,120,10.382
mpt_700,48.36687,-124.59339,121,10.438
mpt_700,48.36652,-124.59318,122,10.48
mpt_700,48.36637,-124.59297,123,10.503
mpt_700,48.36546,-124.59111,124,10.673
mpt_700,48.36522,-124.59076,125,10.71
mpt_700,48.36505,-124.59064,126,10.731
mpt_700,48.36481,-124.59059,127,10.758
mpt_700,48.36427,-124.59057,128,10.818
mpt_700,48.36404,-124.59045,129,10.845
mpt_700,48.36385,-124.59018,130,10.874
mpt_700,48.36347,-124.58911,131,10.964
mpt_700,48.36316,-124.58857,132,11.017
mpt_700,48.36251,-124.58785,133,11.107
mpt_700,48.36209,-124.58753,134,11.159
mpt_700,48.36178,-124.58733,135,11.196
mpt_700,48.359,-124.58668,136,11.509
mpt_700,48.35756,-124.58625,137,11.672
mpt_700,48.35755,-124.58665,138,11.702
mpt_700,48.3576,-124.58713,139,11.738
mpt_700,48.35778,-124.58745,140,11.769
mpt_700,48.35796,-124.58771,141,11.797
mpt_700,48.35817,-124.58789,142,11.824
mpt_700,48.35835,-124.5882,143,11.854
mpt_700,48.35859,-124.58893,144,11.914
mpt_700,48.35864,-124.58937,145,11.947
mpt_700,48.35863,-124.58986,146,11.983
mpt_700,48.35819,-124.59098,147,12.079
mpt_700,48.35796,-124.59126,148,12.112
mpt_700,48.35716,-124.59134,149,12.201
mpt_700,48.35699,-124.59162,150,12.23
mpt_700,48.35699,-124.59162,151,12.23
mpt_700,48.35716,-124.59134,152,12.258
mpt_700,48.35796,-124.59126,153,12.347
mpt_700,48.35819,-124.59098,154,12.38
mpt_700,48.35863,-124.58986,155,12.476
mpt_700,48.35864,-124.58937,156,12.512
mpt_700,48.35859,-124.58893,157,12.545
mpt_700,48.35835,-124.5882,158,12.605
mpt_700,48.35817,-124.58789,159,12.636
mpt_700,48.35796,-124.58771,160,12.662
mpt_700,48.35778,-124.58745,161,12.69
mpt_700,48.357602,-124.587126,162,12.721
mpt_700,48.357417,-124.587459,163,12.753
mpt_700,48.357406,-124.587718,164,12.772
mpt_700,48.357606,-124.58934,165,12.894
mpt_700,48.357719,-124.589417,166,12.908
mpt_700,48.357766,-124.589557,167,12.92
mpt_700,48.357762,-124.589684,168,12.929
mpt_700,48.357625,-124.589798,169,12.947
mpt_700,48.357521,-124.589726,170,12.959
mpt_700,48.357513,-124.589478,171,12.978
mpt_700,48.357606,-124.58934,172,12.992
mpt_700,48.357406,-124.587724,173,13.114
mpt_700,48.357413,-124.587448,174,13.134
mpt_700,48.357598,-124.587126,175,13.165
mpt_700,48.35755,-124.58665,176,13.201
mpt_700,48.35756,-124.58625,177,13.231
mpt_700,48.359,-124.58668,178,13.394
mpt_700,48.36178,-124.58733,179,13.707
mpt_700,48.36209,-124.58753,180,13.744
mpt_700,48.36251,-124.58785,181,13.796
mpt_700,48.36316,-124.58857,182,13.886
mpt_700,48.36347,-124.58911,183,13.939
mpt_700,48.36385,-124.59018,184,14.029
mpt_700,48.36404,-124.59045,185,14.058
mpt_700,48.36427,-124.59056,186,14.084
mpt_700,48.36481,-124.59058,187,14.145
mpt_700,48.36505,-124.59064,188,14.172
mpt_700,48.36522,-124.59076,189,14.192
mpt_700,48.36546,-124.59111,190,14.23
mpt_700,48.36637,-124.59297,191,14.4
mpt_700,48.36652,-124.59318,192,14.423
mpt_700,48.36687,-124.59339,193,14.465
mpt_700,48.36737,-124.59341,194,14.521
mpt_700,48.36766,-124.59331,195,14.554
mpt_700,48.36786,-124.59313,196,14.58
mpt_700,48.36846,-124.59228,197,14.671
mpt_700,48.36862,-124.59218,198,14.69
mpt_700,48.3691,-124.59212,199,14.744
mpt_700,48.36986,-124.59221,200,14.829
mpt_700,48.37046,-124.5925,201,14.899
mpt_700,48.37066,-124.59247,202,14.921
mpt_700,48.3712,-124.59285,203,14.987
mpt_700,48.37107,-124.59345,204,15.034
mpt_700,48.37095,-124.59435,205,15.102
mpt_700,48.37095,-124.59435,206,15.102
mpt_700,48.37094,-124.59442,207,15.107
mpt_700,48.37094,-124.59443,208,15.108
mpt_700,48.36898,-124.59458,209,15.326
mpt_700,48.369,-124.59506,210,15.362
mpt_700,48.36895,-124.59873,211,15.633
mpt_700,48.368867,-124.600511,212,15.765
mpt_700,48.36846,-124.60191,213,15.878
mpt_700,48.368025,-124.602969,214,15.97
mpt_700,48.367379,-124.604652,215,16.113
mpt_700,48.36672,-124.60652,216,16.269
mpt_700,48.366611,-124.607065,217,16.311
mpt_700,48.366507,-124.607592,218,16.352
mpt_700,48.366296,-124.6075,219,16.376
mpt_700,48.366273,-124.607646,220,16.388
mpt_700,48.366211,-124.608055,221,16.419
mpt_700,48.366388,-124.608142,222,16.439
mpt_700,48.36631,-124.608578,223,16.473
mpt_700,48.36601,-124.61055,224,16.622
mpt_700,48.36587,-124.61197,225,16.728
mpt_700,48.36587,-124.61401,226,16.879
mpt_700,48.366028,-124.616683,227,17.077
mpt_700,48.366086,-124.617549,228,17.141
mpt_700,48.36558,-124.61757,229,17.198
mpt_700,48.36553,-124.62197,230,17.523
mpt_700,48.3655,-124.62291,231,17.592
mpt_700,48.36407,-124.62294,232,17.751
mpt_700,48.36407,-124.623,233,17.756
mpt_700,48.36407,-124.623,234,17.756
mpt_700,48.36406,-124.62485,235,17.892
mpt_700,48.36406,-124.62578,236,17.961
mpt_700,48.36473,-124.62582,237,18.036
mpt_700,48.36473,-124.62538,238,18.068
mpt_700,48.36479,-124.62294,239,18.249
mpt_700,48.3655,-124.62291,240,18.327
mpt_700,48.36553,-124.62218,241,18.382
mpt_700,48.36564,-124.62242,242,18.403
mpt_700,48.3662,-124.62184,243,18.479
mpt_700,48.36689,-124.62121,244,18.568
mpt_700,48.36812,-124.62393,245,18.811
mpt_700,48.36812,-124.62393,246,18.811
mpt_700,48.36868,-124.62523,247,18.926
mpt_700,48.36871,-124.62582,248,18.97
mpt_700,48.36756,-124.626863,249,19.119
mpt_700,48.367855,-124.62765,250,19.186
mpt_700,48.36791,-124.62783,251,19.2
mpt_700,48.36797,-124.62815,252,19.225
mpt_700,48.36872,-124.62852,253,19.313
mpt_700,48.369,-124.62913,254,19.367
mpt_700,48.36908,-124.6294,255,19.389
mpt_700,48.36924,-124.6302,256,19.451
mpt_700,48.36919,-124.63074,257,19.491
mpt_700,48.36886,-124.63078,258,19.528
mpt_700,48.36874,-124.6306,259,19.547
mpt_700,48.36857,-124.62989,260,19.603
mpt_700,48.36833,-124.62952,261,19.641
mpt_700,48.36802,-124.62953,262,19.675
mpt_700,48.36776,-124.63004,263,19.723
mpt_700,48.3676,-124.6307,264,19.775
mpt_700,48.36722,-124.63105,265,19.824
mpt_700,48.36722,-124.63105,266,19.824
mpt_700,48.3676,-124.6307,267,19.874
mpt_700,48.36776,-124.63004,268,19.926
mpt_700,48.36802,-124.62953,269,19.973
mpt_700,48.36833,-124.62952,270,20.008
mpt_700,48.36857,-124.62989,271,20.046
mpt_700,48.36874,-124.6306,272,20.102
mpt_700,48.36886,-124.63078,273,20.12
mpt_700,48.36919,-124.63074,274,20.157
mpt_700,48.36924,-124.6302,275,20.198
mpt_700,48.36908,-124.6294,276,20.259
mpt_700,48.369,-124.62913,277,20.281
mpt_700,48.36872,-124.62852,278,20.336
mpt_700,48.36797,-124.62815,279,20.424
mpt_700,48.36515,-124.63133,280,20.815
mpt_700,48.36451,-124.63236,281,20.92
mpt_700,48.36359,-124.63366,282,21.06
mpt_700,48.36279,-124.6346,283,21.173
mpt_700,48.36196,-124.63519,284,21.275
mpt_700,48.36099,-124.6354,285,21.384
mpt_700,48.36041,-124.63522,286,21.45
mpt_700,48.35963,-124.63487,287,21.54
mpt_700,48.35902,-124.63495,288,21.608
mpt_700,48.35763,-124.63585,289,21.776
mpt_700,48.35741,-124.63594,290,21.802
mpt_700,48.35673,-124.63597,291,21.877
mpt_700,48.3564,-124.63607,292,21.915
mpt_700,48.356,-124.63634,293,21.964
mpt_700,48.35487,-124.63758,294,22.119
mpt_700,48.3544,-124.63839,295,22.199
mpt_700,48.35405,-124.63916,296,22.268
mpt_700,48.35363,-124.63973,297,22.33
mpt_700,48.35274,-124.64056,298,22.447
mpt_700,48.35231,-124.64109,299,22.509
mpt_700,48.35208,-124.64167,300,22.559
mpt_700,48.35182,-124.64256,301,22.63
mpt_700,48.35178,-124.6432,302,22.678
mpt_700,48.35208,-124.64653,303,22.926
mpt_700,48.35167,-124.65104,304,23.263
mpt_700,48.35148,-124.65206,305,23.341
mpt_700,48.34973,-124.659,306,23.889
mpt_700,48.34942,-124.6599,307,23.964
mpt_700,48.3482,-124.66285,308,24.221
mpt_700,48.34752,-124.6642,309,24.346
mpt_700,48.34692,-124.66556,310,24.467
mpt_700,48.34749,-124.66699,311,24.59
mpt_d,48.34749,-124.66698,1,0
mpt_d,48.34692,-124.66555,2,0.123
mpt_d,48.34752,-124.6642,3,0.243
mpt_d,48.3482,-124.66285,4,0.368
mpt_d,48.34942,-124.6599,5,0.625
mpt_d,48.34973,-124.659,6,0.7
mpt_d,48.35148,-124.65206,7,1.249
mpt_d,48.35167,-124.65104,8,1.327
mpt_d,48.35208,-124.64653,9,1.663
mpt_d,48.35178,-124.6432,10,1.912
mpt_d,48.35182,-124.64255,11,1.96
mpt_d,48.35208,-124.64167,12,2.031
mpt_d,48.35231,-124.64109,13,2.081
mpt_d,48.35274,-124.64056,14,2.143
mpt_d,48.35363,-124.63973,15,2.259
mpt_d,48.35405,-124.63916,16,2.322
mpt_d,48.3544,-124.63839,17,2.391
mpt_d,48.35487,-124.63758,18,2.47
mpt_d,48.356,-124.63634,19,2.626
mpt_d,48.3564,-124.63607,20,2.675
mpt_d,48.35673,-124.63596,21,2.712
mpt_d,48.35741,-124.63594,22,2.788
mpt_d,48.35763,-124.63585,23,2.813
mpt_d,48.35902,-124.63495,24,2.981
mpt_d,48.35963,-124.63487,25,3.05
mpt_d,48.36041,-124.63521,26,3.14
mpt_d,48.36099,-124.6354,27,3.206
mpt_d,48.36196,-124.63519,28,3.315
mpt_d,48.36279,-124.6346,29,3.417
mpt_d,48.36359,-124.63366,30,3.53
mpt_d,48.36451,-124.63236,31,3.67
mpt_d,48.36515,-124.63133,32,3.774
mpt_d,48.36775,-124.62838,33,4.136
mpt_d,48.36797,-124.62815,34,4.166
mpt_d,48.36791,-124.62782,35,4.191
mpt_d,48.36756,-124.62686,36,4.272
mpt_d,48.368702,-124.625816,37,4.421
mpt_d,48.368691,-124.625263,38,4.462
mpt_d,48.368213,-124.624143,39,4.56
mpt_d,48.367506,-124.622648,40,4.696
mpt_d,48.366894,-124.621216,41,4.821
mpt_d,48.36654,-124.620272,42,4.901
mpt_d,48.366513,-124.61987,43,4.931
mpt_d,48.366091,-124.617564,44,5.108
mpt_d,48.366045,-124.616941,45,5.154
mpt_d,48.36588,-124.61444,46,5.34
mpt_d,48.36587,-124.61197,47,5.522
mpt_d,48.36601,-124.61055,48,5.629
mpt_d,48.366316,-124.608587,49,5.777
mpt_d,48.366402,-124.608197,50,5.808
mpt_d,48.366195,-124.60802,51,5.834
mpt_d,48.366268,-124.607685,52,5.86
mpt_e,48.366261,-124.607674,1,0
mpt_e,48.366284,-124.607503,2,0.013
mpt_e,48.366523,-124.607545,3,0.04
mpt_e,48.36672,-124.60652,4,0.118
mpt_e,48.367377,-124.604654,5,0.274
mpt_e,48.368059,-124.602878,6,0.426
mpt_e,48.36846,-124.60191,7,0.51
mpt_e,48.368875,-124.600527,8,0.622
mpt_e,48.368919,-124.599411,9,0.705
mpt_e,48.36895,-124.59873,10,0.755
mpt_e,48.369,-124.59506,11,1.027
mpt_e,48.36898,-124.59458,12,1.062
mpt_e,48.36902,-124.59323,13,1.162
mpt_e,48.3691,-124.59212,14,1.244
mpt_e,48.36862,-124.59218,15,1.298
mpt_e,48.36846,-124.59227,16,1.317
mpt_e,48.36786,-124.59313,17,1.409
mpt_e,48.36766,-124.59331,18,1.435
mpt_e,48.36737,-124.59341,19,1.468
mpt_e,48.36687,-124.59339,20,1.524
mpt_e,48.36652,-124.59318,21,1.566
mpt_e,48.36637,-124.59297,22,1.588
mpt_e,48.36546,-124.59111,23,1.759
mpt_e,48.36522,-124.59076,24,1.796
mpt_e,48.36505,-124.59064,25,1.817
mpt_e,48.36481,-124.59059,26,1.844
mpt_e,48.36427,-124.59057,27,1.904
mpt_e,48.36404,-124.59045,28,1.931
mpt_e,48.36385,-124.59018,29,1.96
mpt_e,48.36347,-124.58911,30,2.05
mpt_e,48.36316,-124.58857,31,2.103
mpt_e,48.36251,-124.58785,32,2.192
mpt_e,48.36209,-124.58753,33,2.245
mpt_e,48.36178,-124.58733,34,2.282
mpt_e,48.359,-124.58668,35,2.595
mpt_e,48.35756,-124.58625,36,2.758
mpt_e,48.35755,-124.58665,37,2.788
mpt_e,48.3576,-124.58713,38,2.824
mpt_e,48.35778,-124.58745,39,2.855
mpt_e,48.35796,-124.58771,40,2.882
mpt_e,48.35817,-124.58789,41,2.909
mpt_e,48.35835,-124.5882,42,2.94
mpt_e,48.35859,-124.58893,43,3
mpt_e,48.35864,-124.58937,44,3.033
mpt_e,48.35863,-124.58986,45,3.069
mpt_e,48.35819,-124.59098,46,3.165
mpt_e,48.35796,-124.59126,47,3.198
mpt_e,48.35716,-124.59134,48,3.287
mpt_e,48.35699,-124.59162,49,3.315
mpt_e,48.35699,-124.59162,50,3.315
mpt_e,48.35716,-124.59134,51,3.343
mpt_e,48.35796,-124.59126,52,3.432
mpt_e,48.35819,-124.59098,53,3.465
mpt_e,48.35863,-124.58986,54,3.561
mpt_e,48.35864,-124.58937,55,3.598
mpt_e,48.35859,-124.58893,56,3.631
mpt_e,48.35835,-124.5882,57,3.691
mpt_e,48.35817,-124.58789,58,3.721
mpt_e,48.35796,-124.58771,59,3.748
mpt_e,48.35778,-124.58745,60,3.776
mpt_e,48.357597,-124.587131,61,3.807
mpt_e,48.3576,-124.587242,62,3.815
mpt_e,48.357407,-124.58752,63,3.845
mpt_e,48.357362,-124.58773,64,3.861
mpt_e,48.357422,-124.588077,65,3.888
mpt_e,48.357559,-124.589285,66,3.978
mpt_e,48.357656,-124.589361,67,3.99
mpt_e,48.357739,-124.589437,68,4.001
mpt_e,48.357795,-124.589582,69,4.014
mpt_e,48.357777,-124.589735,70,4.025
mpt_e,48.357679,-124.589796,71,4.037
mpt_e,48.357562,-124.589758,72,4.05
mpt_e,48.357501,-124.589616,73,4.063
mpt_e,48.357527,-124.589373,74,4.081
mpt_e,48.357562,-124.589277,75,4.089
mpt_e,48.357422,-124.58808,76,4.179
mpt_e,48.357364,-124.587733,77,4.205
mpt_e,48.357405,-124.587524,78,4.221
mpt_e,48.3576,-124.587249,79,4.251
mpt_e,48.35755,-124.58665,80,4.296
mpt_e,48.35756,-124.58625,81,4.325
mpt_e,48.359,-124.58668,82,4.488
mpt_e,48.36178,-124.58733,83,4.801
mpt_e,48.36209,-124.58753,84,4.839
mpt_e,48.36251,-124.58785,85,4.891
mpt_e,48.36316,-124.58857,86,4.981
mpt_e,48.36347,-124.58911,87,5.034
mpt_e,48.36385,-124.59018,88,5.123
mpt_e,48.36404,-124.59045,89,5.152
mpt_e,48.36427,-124.59056,90,5.179
mpt_e,48.36481,-124.59058,91,5.239
mpt_e,48.36505,-124.59064,92,5.266
mpt_e,48.36522,-124.59076,93,5.287
mpt_e,48.36546,-124.59111,94,5.324
mpt_e,48.36637,-124.59297,95,5.495
mpt_e,48.36652,-124.59318,96,5.518
mpt_e,48.36687,-124.59339,97,5.56
mpt_e,48.36737,-124.59341,98,5.615
mpt_e,48.36766,-124.59331,99,5.648
mpt_e,48.36786,-124.59313,100,5.674
mpt_e,48.36846,-124.59228,101,5.766
mpt_e,48.36862,-124.59218,102,5.785
mpt_e,48.3691,-124.59212,103,5.839
mpt_e,48.36986,-124.59221,104,5.923
mpt_e,48.37046,-124.5925,105,5.993
mpt_e,48.37066,-124.59247,106,6.016
mpt_e,48.3712,-124.59285,107,6.082
mpt_e,48.37107,-124.59345,108,6.129
mpt_e,48.37095,-124.59435,109,6.197
mpt_e,48.37095,-124.59435,110,6.197
mpt_e,48.37094,-124.59442,111,6.202
mpt_e,48.37094,-124.59443,112,6.203
mpt_e,48.36898,-124.59458,113,6.421
mpt_e,48.369,-124.59506,114,6.456
mpt_e,48.36895,-124.59873,115,6.727
mpt_e,48.368867,-124.600511,116,6.859
mpt_e,48.36846,-124.60191,117,6.972
mpt_e,48.368025,-124.602969,118,7.064
mpt_e,48.367379,-124.604652,119,7.208
mpt_e,48.36672,-124.60652,120,7.364
mpt_e,48.366611,-124.607065,121,7.406
mpt_e,48.366523,-124.607545,122,7.443
mpt_e,48.366284,-124.607503,123,7.47
mpt_e,48.366273,-124.607646,124,7.48
mpt_e,48.366253,-124.607675,125,7.483
mpt_e,48.366163,-124.608124,126,7.518
mpt_e,48.366385,-124.608191,127,7.543
mpt_e,48.36631,-124.608578,128,7.573
mpt_e,48.36601,-124.61055,129,7.722
mpt_e,48.36587,-124.61197,130,7.828
mpt_e,48.36587,-124.61401,131,7.979
mpt_e,48.366039,-124.6167,132,8.179
mpt_e,48.36609,-124.61754,133,8.241
mpt_e,48.366504,-124.619834,134,8.417
mpt_e,48.36655,-124.620309,135,8.452
mpt_e,48.36689,-124.621206,136,8.528
mpt_e,48.367393,-124.622375,137,8.631
mpt_e,48.36812,-124.62393,138,8.772
mpt_e,48.36812,-124.62393,139,8.772
mpt_e,48.36868,-124.62523,140,8.886
mpt_e,48.36871,-124.62582,141,8.93
mpt_e,48.36756,-124.626863,142,9.079
mpt_e,48.367846,-124.627637,143,9.145
mpt_e,48.367905,-124.627803,144,9.159
mpt_e,48.36797,-124.62815,145,9.185
mpt_e,48.36872,-124.62852,146,9.273
mpt_e,48.369,-124.62913,147,9.328
mpt_e,48.36908,-124.6294,148,9.35
mpt_e,48.36924,-124.6302,149,9.411
mpt_e,48.36919,-124.63074,150,9.452
mpt_e,48.36886,-124.63078,151,9.488
mpt_e,48.36874,-124.6306,152,9.507
mpt_e,48.36857,-124.62989,153,9.563
mpt_e,48.36833,-124.62952,154,9.601
mpt_e,48.36802,-124.62953,155,9.636
mpt_e,48.36776,-124.63004,156,9.683
mpt_e,48.3676,-124.6307,157,9.735
mpt_e,48.36722,-124.63105,158,9.785
mpt_e,48.36722,-124.63105,159,9.785
mpt_e,48.3676,-124.6307,160,9.834
mpt_e,48.36776,-124.63004,161,9.886
mpt_e,48.36802,-124.62953,162,9.933
mpt_e,48.36833,-124.62952,163,9.968
mpt_e,48.36857,-124.62989,164,10.006
mpt_e,48.36874,-124.6306,165,10.062
mpt_e,48.36886,-124.63078,166,10.081
mpt_e,48.36919,-124.63074,167,10.118
mpt_e,48.36924,-124.6302,168,10.158
mpt_e,48.36908,-124.6294,169,10.22
mpt_e,48.369,-124.62913,170,10.241
mpt_e,48.36872,-124.62852,171,10.296
mpt_e,48.36797,-124.62815,172,10.384
mpt_e,48.36515,-124.63133,173,10.776
mpt_e,48.36451,-124.63236,174,10.88
mpt_e,48.36359,-124.63366,175,11.02
mpt_e,48.36279,-124.6346,176,11.133
mpt_e,48.36196,-124.63519,177,11.235
mpt_e,48.36099,-124.6354,178,11.344
mpt_e,48.36041,-124.63522,179,11.41
mpt_e,48.35963,-124.63487,180,11.5
mpt_e,48.35902,-124.63495,181,11.569
mpt_e,48.35763,-124.63585,182,11.737
mpt_e,48.35741,-124.63594,183,11.762
mpt_e,48.35673,-124.63597,184,11.838
mpt_e,48.3564,-124.63607,185,11.875
mpt_e,48.356,-124.63634,186,11.924
mpt_e,48.35487,-124.63758,187,12.079
mpt_e,48.3544,-124.63839,188,12.159
mpt_e,48.35405,-124.63916,189,12.228
mpt_e,48.35363,-124.63973,190,12.291
mpt_e,48.35274,-124.64056,191,12.407
mpt_e,48.35231,-124.64109,192,12.469
mpt_e,48.35208,-124.64167,193,12.519
mpt_e,48.35182,-124.64256,194,12.591
mpt_e,48.35178,-124.6432,195,12.638
mpt_e,48.35208,-124.64653,196,12.887
mpt_e,48.35167,-124.65104,197,13.223
mpt_e,48.35148,-124.65206,198,13.301
mpt_e,48.34973,-124.659,199,13.85
mpt_e,48.34942,-124.6599,200,13.925
mpt_e,48.3482,-124.66285,201,14.181
mpt_e,48.34752,-124.6642,202,14.307
mpt_e,48.34692,-124.66556,203,14.427
mpt_e,48.346198,-124.667212,204,14.573
mpt_e,48.34596,-124.66794,205,14.633
mpt_e,48.34592,-124.66826,206,14.657
mpt_e,48.346444,-124.670485,207,14.832
mpt_e,48.346424,-124.670987,208,14.869
mpt_e,48.346079,-124.672628,209,14.996
mpt_e,48.345928,-124.672685,210,15.013
mpt_e,48.3457,-124.672956,211,15.046
mpt_e,48.345627,-124.673324,212,15.074
mpt_e,48.34539,-124.673287,213,15.101
mpt_e,48.345331,-124.673325,214,15.108
mpt_e,48.345306,-124.673422,215,15.115
mpt_e,48.345365,-124.673524,216,15.125
mpt_e,48.345574,-124.673624,217,15.15
mpt_e,48.345697,-124.672952,218,15.201
mpt_e,48.345889,-124.672732,219,15.228
mpt_e,48.346079,-124.672632,220,15.251
mpt_e,48.346429,-124.670996,221,15.378
mpt_e,48.34644,-124.670483,222,15.416
mpt_e,48.346151,-124.669237,223,15.513
mpt_e,48.346649,-124.669028,224,15.571
mpt_e,48.347826,-124.667853,225,15.728
mpt_e,48.34753,-124.667069,226,15.794
